"Name","playerid","WAR31","WARextra","Cluster"
"Freddy Garcia","   1077","0","0","A"
"Brandon Lyon","   1312","-0.6","-0.6","E"
"Matt Miller","   1754","0.1","0.1","A"
"Mike Cuellar","1002853","3.3","3.3","J"
"Rich DeLucia","1003185","-0.2","-0.2","D"
"Dan Petry","1010246","0.8","0.8","C"
"Ed Roebuck","1011118","-0.9","-0.9","K"
"Mel Stottlemyre","1012579","4.1","4.1","L"
"Brian Anderson","     44","1.9","1.9","H"
"Jim Brower","    313","0.7","0.7","G"
"Billy Wagner","    578","2.3","2.3","H"
"Valerio de los Santos","    681","0.1","0.1","A"
"Chris Capuano","   1701","0.3","0.3","B"
"Chad Qualls","   2170","0","0","A"
"Tom Griffin","1005054","0.2","0.2","B"
"Joe Nuxhall","1009665","1.8","1.8","H"
"Octavio Dotel","    555","0","0","A"
"Jason Schmidt","   1131","6.4","6.4","N"
"Bryce Florie","1004172","-0.1","-0.1","A"
"John Morris","1009219","0.1","0.1","A"
"Steve Stone","1012573","0.3","0.3","B"
"Greg Aquino","   1899","-0.2","-0.2","D"
"Todd Coffey","   2467","0.1","0.1","A"
"Jerry Augustine","1000365","0","0","A"
"Danny Cox","1002695","-0.2","-0.2","D"
"Storm Davis","1003080","0.8","0.8","C"
"Andy McGaffigan","1008497","0.8","0.8","C"
"Vern Ruhle","1011297","1.2","1.2","C"
"Bobby Jones","   1039","0.8","0.8","C"
"Ben Weber","     41","0.3","0.3","B"
"John Franco","    874","0.5","0.5","G"
"Turk Wendell","    975","0.7","0.7","G"
"Brandon Backe","   1529","-0.3","-0.3","D"
"Bob Babcock","1000394","-0.1","-0.1","A"
"Doug Bair","1000439","0.1","0.1","A"
"Charlie Leibrandt","1007492","3.4","3.4","J"
"Orlando Pena","1010150","0.9","0.9","C"
"Bruce Berenyi","1000864","-0.1","-0.1","A"
"Don Cardwell","1001941","1.1","1.1","C"
"Jerry Reed","1010769","1.3","1.3","F"
"Francisco Cordero","   1243","1.3","1.3","F"
"Steve Blateric","1001059","0.2","0.2","B"
"Dave Eiland","1003714","0","0","A"
"Jerry Koosman","1007103","5.4","5.4","M"
"Curt Schilling","     73","8.3","8.3","O"
"Dustin Hermanson","    195","1.7","1.7","F"
"Kent Mercker","    439","1.1","1.1","C"
"Tyler Yates","   1527","-0.2","-0.2","D"
"Don Kelly","   2216","0","0","A"
"Daisuke Matsuzaka","   7775","-0.4","-0.4","E"
"Rick Anderson","1000241","0","0","A"
"Scott Bankhead","1000510","-0.5","-0.5","E"
"Joe Nelson","    108","0.2","0.2","B"
"C.J. Nitkowski","    570","-0.2","-0.2","D"
"Jose Bautista","1000694","-0.3","-0.3","D"
"Jim Gott","1004898","0.7","0.7","G"
"Al Hrabosky","1006116","0.3","0.3","B"
"Claude Osteen","1009878","1.6","1.6","F"
"Tom Seaver","1011708","6.8","6.8","N"
"Mike Stanton","1012421","1.4","1.4","F"
"Don Carman","1001967","-0.8","-0.8","K"
"Jim Kern","1006868","-0.3","-0.3","D"
"Jim Maloney","1008039","-0.5","-0.5","E"
"Bob Shaw","1011819","0.5","0.5","G"
"Mark Whiten","1013886","0","0","A"
"Sidney Ponson","    161","0.9","0.9","C"
"Ron Villone","   1010","0.8","0.8","C"
"Jim Clancy","1002255","5","5","M"
"Ron Guidry","1005124","4","4","J"
"Jack Kralick","1007135","-0.1","-0.1","A"
"Paul Reuschel","1010851","0.6","0.6","G"
"Efrain Valdez","1013311","-0.1","-0.1","A"
"Mike Magnante","    929","0.3","0.3","B"
"Jamie Moyer","   1091","1.9","1.9","H"
"Ugueth Urbina","    216","0.7","0.7","G"
"Lance Painter","   1675","1","1","C"
"Brad Ziegler","   7293","1","1","C"
"Craig Lefferts","1007476","0.6","0.6","G"
"Brian Williams","1013978","-0.6","-0.6","E"
"Micah Bowie","   1561","0.2","0.2","B"
"Al Fitzmorris","1004119","1.2","1.2","C"
"Whitey Ford","1004227","2.5","2.5","I"
"Danny Jackson","1006295","3.2","3.2","I"
"Duke Maas","1007894","-0.3","-0.3","D"
"Joe Niekro","1009582","0.4","0.4","B"
"Mike Proly","1010545","0.2","0.2","B"
"Bill Sampen","1011395","-0.1","-0.1","A"
"Mark Williamson","1014022","0","0","A"
"Miguel Batista","     46","3.1","3.1","I"
"Terry Adams","    946","0.2","0.2","B"
"Skip Schumaker","   3704","-0.1","-0.1","A"
"Hank Aguirre","1000087","5.2","5.2","M"
"Dennis Eckersley","1003660","3.7","3.7","J"
"Ubaldo Heredia","1005687","0","0","A"
"John Hiller","1005817","3","3","I"
"Gaylord Perry","1010210","6.3","6.3","N"
"Carl Willis","1013979","1.5","1.5","F"
"Rick Wise","1014155","1.6","1.6","F"
"Mike Stanton","    849","0.1","0.1","A"
"Jim Bouton","1001241","0.8","0.8","C"
"Archie Corbin","1002612","0.2","0.2","B"
"Art Ditmar","1003328","1","1","C"
"Kelly Downs","1003453","0.6","0.6","G"
"Todd Frohwirth","1004374","-0.2","-0.2","D"
"Al Jackson","1006288","0.7","0.7","G"
"Geoff Zahn","1014410","2","2","H"
"Jon Lieber","    287","4.4","4.4","L"
"Dave Borkowski","   2002","-0.5","-0.5","E"
"Don Drysdale","1003516","3","3","I"
"Bob Patterson","1010055","1.1","1.1","C"
"Rich Thompson","1013022","0","0","A"
"Ed Whitson","1013911","0.2","0.2","B"
"Jose Cabrera","    679","0","0","A"
"Tim Crews","1002765","0.2","0.2","B"
"Rich Garces","    189","-0.4","-0.4","E"
"Gary Glover","    234","0","0","A"
"Jason Isringhausen","   1158","1.7","1.7","F"
"Terry Leach","1007427","0.7","0.7","G"
"John Smoltz","    115","5.2","5.2","M"
"Jason Boyd","   1020","-0.4","-0.4","E"
"D.J. Carrasco","   1666","0.5","0.5","G"
"Tom Filer","1004040","1.1","1.1","C"
"Dick Tidrow","1013056","2.2","2.2","H"
"Mike Morgan","     67","4.5","4.5","L"
"Jeremy Affeldt","    583","0.1","0.1","A"
"Jason Frasor","   1906","1.4","1.4","F"
"Justin Lehr","   2163","-0.6","-0.6","E"
"Bill Gullickson","1005136","0.4","0.4","B"
"Catfish Hunter","1006199","-0.8","-0.8","K"
"Joe Borowski","    267","1.4","1.4","F"
"Dennys Reyes","    444","0.4","0.4","B"
"Julian Tavarez","    541","1.3","1.3","F"
"Al Leiter","    883","1.3","1.3","F"
"Josias Manzanillo","    996","0","0","A"
"Doyle Alexander","1000122","-0.3","-0.3","D"
"Larry McWilliams","1008700","0.1","0.1","A"
"Randy Moffitt","1009027","-0.1","-0.1","A"
"Ron Taylor","1012885","0","0","A"
"Aaron Heilman","   1751","-0.1","-0.1","A"
"J.J. Putz","   1795","0.6","0.6","G"
"Grant Jackson","1006298","0.7","0.7","G"
"Dorn Taylor","1012866","0.1","0.1","A"
"Paul Wagner","1013490","-0.1","-0.1","A"
"Troy Percival","     29","2.2","2.2","H"
"Sean Lowe","    994","-0.2","-0.2","D"
"Darren Hall","1005240","0","0","A"
"Kent Tekulve","1012905","1.4","1.4","F"
"Armando Reynoso","     72","1","1","C"
"Juan Cruz","    273","0.1","0.1","A"
"Mark Wohlers","    414","0.3","0.3","B"
"Ben Sheets","    710","0.8","0.8","C"
"Dan Giese","   2656","0.5","0.5","G"
"Manny Acosta","   8725","-0.4","-0.4","E"
"Alan Hargesheimer","1005357","-0.1","-0.1","A"
"Lindy McDaniel","1008441","0.4","0.4","B"
"Pedro Ramos","1010681","0.4","0.4","B"
"Juan Acevedo","    458","0.1","0.1","A"
"Jamie Walker","    502","0.3","0.3","B"
"Roberto Hernandez","   3273","-0.3","-0.3","D"
"Luis Aquino","1000285","-0.2","-0.2","D"
"Bob Johnson","1006430","-0.5","-0.5","E"
"Lerrin LaGrow","1007255","-0.4","-0.4","E"
"A.J. Sager","1011369","1.1","1.1","C"
"Kris Benson","    982","0.6","0.6","G"
"Buddy Carlyle","   2010","-0.5","-0.5","E"
"Pete Filson","1004046","-0.4","-0.4","E"
"Woodie Fryman","1004381","3.1","3.1","I"
"Frank LaCorte","1007239","-0.7","-0.7","E"
"Dave LaRoche","1007354","-0.2","-0.2","D"
"Nate Field","    599","0","0","A"
"Josh Fogg","    989","-0.6","-0.6","E"
"Chan Ho Park","   1267","-0.3","-0.3","D"
"Kenny Rogers","   1277","2.2","2.2","H"
"Dane Johnson","1006443","-0.3","-0.3","D"
"Gary Lavelle","1007389","0.9","0.9","C"
"Terry Mathews","1008241","0","0","A"
"Sparky Lyle","1007859","0.8","0.8","C"
"Shane Rawley","1010719","2.4","2.4","H"
"Kevin Appier","      3","2.7","2.7","I"
"Scot Shields","     35","0.8","0.8","C"
"Luis Vizcaino","    714","0.6","0.6","G"
"Charlie Hough","1006050","0","0","A"
"Vicente Palacios","1009965","-0.2","-0.2","D"
"Amaury Telemaco","   1802","-0.1","-0.1","A"
"Porfi Altamirano","1000185","-0.8","-0.8","K"
"Jim Dougherty","1003429","-0.1","-0.1","A"
"John Habyan","1005176","1.3","1.3","F"
"Bill Short","1011929","0","0","A"
"Dean Stone","1012561","0.8","0.8","C"
"Michael Wuertz","   1856","-0.1","-0.1","A"
"Steve Barber","1000530","0.8","0.8","C"
"Steve Crawford","1002749","0.4","0.4","B"
"Ed Farmer","1003935","-0.3","-0.3","D"
"Teddy Higuera","1005799","3","3","I"
"Carl Morton","1009230","3.5","3.5","J"
"Jim Palmer","1009973","5.5","5.5","M"
"Chris Welsh","1013772","1.6","1.6","F"
"Darrin Winston","1014142","-0.7","-0.7","E"
"Matt Belisle","   1837","1.2","1.2","C"
"Jim Poole","1010435","-0.5","-0.5","E"
"Curt Simmons","1011980","2.5","2.5","I"
"Joe Simpson","1011996","0","0","A"
"Denny Neagle","    441","2.5","2.5","I"
"Vic Darensbourg","    516","-0.7","-0.7","E"
"Hideo Nomo","    666","2.1","2.1","H"
"Rick Reed","    750","3.6","3.6","J"
"Kirk Rueter","   1128","1.3","1.3","F"
"Ike Delock","1003179","1.4","1.4","F"
"Doc Medich","1008714","3.2","3.2","I"
"Bruce Sutter","1012743","1.5","1.5","F"
"Mike Buddie","    678","-0.1","-0.1","A"
"Danny Darwin","1002996","2.6","2.6","I"
"Pat Jarvis","1006363","0.8","0.8","C"
"Damaso Marte","    247","0.6","0.6","G"
"Jose Lima","    475","0.8","0.8","C"
"Ryan Dempster","    517","4.7","4.7","L"
"Dave Burba","   1239","1.8","1.8","H"
"Marc Kroon","   1964","-0.2","-0.2","D"
"Mike Henneman","1005656","1.2","1.2","C"
"Alejandro Pena","1010140","1.3","1.3","F"
"Paul Splittorff","1012346","2.9","2.9","I"
"David Riske","    402","-0.4","-0.4","E"
"Todd Jones","    436","0.8","0.8","C"
"Orlando Hernandez","    823","0.1","0.1","A"
"Joel Pineiro","   1094","2.1","2.1","H"
"Hisashi Iwakuma","  13048","0.9","0.9","C"
"Dave Baldwin","1000477","0.3","0.3","B"
"Ken Brett","1001402","0.1","0.1","A"
"Billy Hoeft","1005893","-0.7","-0.7","E"
"Bob Scanlan","1011489","-0.5","-0.5","E"
"Dave Wickersham","1013917","0.2","0.2","B"
"Kevin Gryboski","     91","-0.2","-0.2","D"
"Ray King","    693","-0.1","-0.1","A"
"Pedro Feliciano","   1601","-0.1","-0.1","A"
"Xavier Hernandez","1005715","-0.1","-0.1","A"
"Mike Mohler","1009033","-0.2","-0.2","D"
"John Smiley","1012084","4.5","4.5","L"
"John Tudor","1013215","6.4","6.4","N"
"Chad Paronto","    399","0.1","0.1","A"
"Matt Herges","    780","0.5","0.5","G"
"Juan Agosto","1000084","0.2","0.2","B"
"Richard Dotson","1003424","-0.1","-0.1","A"
"Charlie Lea","1007423","0.2","0.2","B"
"Bobby Locke","1007687","-0.1","-0.1","A"
"Scott Proctor","   1911","-0.2","-0.2","D"
"Stan Spencer","1012329","0.6","0.6","G"
"Ramon Ortiz","     27","0.8","0.8","C"
"Tyler Walker","    901","0.4","0.4","B"
"Dennis Higgins","1005788","0.2","0.2","B"
"Roger McDowell","1008475","0.1","0.1","A"
"Chuck Smith","1012114","1","1","C"
"A.J. Burnett","    512","5","5","M"
"Ted Abernathy","1000020","0","0","A"
"John Cerutti","1002106","-0.1","-0.1","A"
"Ron Davis","1003075","-0.3","-0.3","D"
"Dan Gladden","1004750","0","0","A"
"Jeff Parrett","1010019","0.5","0.5","G"
"Nate Snell","1012228","0.1","0.1","A"
"Sammy Stewart","1012528","-0.5","-0.5","E"
"Oscar Zamora","1014416","-0.3","-0.3","D"
"Clay Condrey","   1579","0.1","0.1","A"
"Clay Rapada","   4831","0.4","0.4","B"
"Jay Ritchie","1010988","-0.1","-0.1","A"
"Mike Myers","     68","0.9","0.9","C"
"Vicente Romo","1011177","-0.9","-0.9","K"
"Dave Schmidt","1011580","0.7","0.7","G"
"Mike Torrez","1013134","3.3","3.3","J"
"Bill Castro","1002077","-0.1","-0.1","A"
"Reggie Cleveland","1002347","-0.7","-0.7","E"
"Dick Drago","1003475","-0.6","-0.6","E"
"Tom Hilgendorf","1005806","0.4","0.4","B"
"La Marr Hoyt","1006114","-0.8","-0.8","K"
"Billy Loes","1007699","0.7","0.7","G"
"Rich Monteleone","1009068","-0.3","-0.3","D"
"Wayne Twitchell","1013244","-1.1","-1.1","K"
"Jason Grimsley","    602","0.2","0.2","B"
"John Johnstone","1006475","-0.4","-0.4","E"
"Bob Miller","1008877","0","0","A"
"Mel Rojas","1011153","-0.7","-0.7","E"
"Don Rudolph","1011285","0.3","0.3","B"
"Lary Sorensen","1012279","-0.1","-0.1","A"
"Chad Fox","    684","0","0","A"
"Carlos Pulido","   1815","0.3","0.3","B"
"Diego Segui","1011725","1.3","1.3","F"
"Bob Shirley","1011911","2.4","2.4","H"
"Jack Spring","1012362","-0.3","-0.3","D"
"Jose Parra","     70","0.1","0.1","A"
"Graeme Lloyd","    783","0.4","0.4","B"
"Paul Abbott","   1061","1.1","1.1","C"
"Chris Michalak","   1415","-0.1","-0.1","A"
"Tom Cheney","1002177","-0.2","-0.2","D"
"Al Downing","1003450","2.2","2.2","H"
"Rick Mahler","1007988","2.8","2.8","I"
"Jeff Suppan","    633","1.9","1.9","H"
"Jack Lamabe","1007266","-0.7","-0.7","E"
"Jim Lonborg","1007724","0.8","0.8","C"
"Johnny Podres","1010406","-0.2","-0.2","D"
"Bob Purkey","1010572","3.6","3.6","J"
"Jim Slaton","1012054","0.4","0.4","B"
"Antonio Osuna","    249","0.6","0.6","G"
"Andy Benes","   1144","1.3","1.3","F"
"Jim Bruske","1001598","0","0","A"
"Ryne Duren","1003586","0","0","A"
"Danny Graves","    326","-0.9","-0.9","K"
"Mike MacDougal","    612","0.1","0.1","A"
"Dave Lee","   1843","0","0","A"
"Clay Carroll","1001997","0.4","0.4","B"
"Bennie Daniels","1002968","1.3","1.3","F"
"Andy Pettitte","    840","5.1","5.1","M"
"Bartolome Fortunato","   2213","-0.3","-0.3","D"
"Burt Hooton","1006005","3.3","3.3","J"
"Chad Bradford","    904","1.5","1.5","F"
"John Tsitouris","1013208","-0.1","-0.1","A"
"Scott Linebrink","    564","0.5","0.5","G"
"Ramiro Mendoza","    836","-0.1","-0.1","A"
"David Wells","    855","2.3","2.3","H"
"Mike Jeffcoat","1006378","0","0","A"
"Rick Reuschel","1010852","4.7","4.7","L"
"Mike Jackson","    732","0.7","0.7","G"
"Doug Davis","   1244","2.2","2.2","H"
"Erasmo Ramirez","   1699","0","0","A"
"Vida Blue","1001094","1","1","C"
"Juan Guzman","1005162","2.8","2.8","I"
"Barry Manuel","1008084","-0.5","-0.5","E"
"Billy Muffett","1009286","0.1","0.1","A"
"Carlos Silva","    973","1.7","1.7","F"
"Joe Nathan","   1122","3.1","3.1","I"
"Jesse Jefferson","1006380","0.9","0.9","C"
"Bob Ojeda","1009756","1","1","C"
"Jim Rooker","1011183","5.4","5.4","M"
"Jason Bere","    266","0.8","0.8","C"
"Tim Worrell","   1139","0.7","0.7","G"
"Guillermo Mota","   1467","0.6","0.6","G"
"Bob Forsch","1004233","1.4","1.4","F"
"Paul Gibson","1004671","-0.4","-0.4","E"
"Gordon Jones","1006558","-0.3","-0.3","D"
"Pascual Perez","1010185","2.9","2.9","I"
"Dan Spillner","1012342","0.3","0.3","B"
"Pete Burnside","1001718","1","1","C"
"Bud Daley","1002942","-0.4","-0.4","E"
"John Moses","1009243","0","0","A"
"Don Schwall","1011657","0","0","A"
"Craig Swan","1012754","1.7","1.7","F"
"Dennis Springer","    672","-0.4","-0.4","E"
"Jay Powell","   1271","-0.1","-0.1","A"
"Aaron Miles","   1844","0","0","A"
"Ken Schrom","1011620","0.8","0.8","C"
"Dave Stewart","1012519","5.1","5.1","M"
"Derek Lowe","    199","2.2","2.2","H"
"Dan Miceli","   1463","0","0","A"
"Ken Ray","   1986","-0.2","-0.2","D"
"Chris Young","   3196","0.3","0.3","B"
"Dennis Lamp","1007284","0","0","A"
"Mike Marshall","1008144","4.4","4.4","L"
"John Montague","1009060","0.1","0.1","A"
"Luis Sanchez","1011408","-0.3","-0.3","D"
"Kevin Jarvis","   1037","0.8","0.8","C"
"Doug Johns","1006449","0.8","0.8","C"
"Les Lancaster","1007287","0.2","0.2","B"
"Bill Long","1007727","-0.1","-0.1","A"
"Jon Matlack","1008246","0.8","0.8","C"
"Sean Green","   3001","-0.2","-0.2","D"
"Bob Bruce","1001573","4.9","4.9","M"
"Joe Hoerner","1005895","0.7","0.7","G"
"Mike McCormick","1008420","-0.8","-0.8","K"
"Rick Waits","1013494","0.6","0.6","G"
"Wilbur Wood","1014248","7.4","7.4","N"
"Paul Quantrill","    669","0.9","0.9","C"
"Gil Meche","   1089","-0.3","-0.3","D"
"Bob Gibson","1004662","4.3","4.3","L"
"Neal Heaton","1005568","-0.1","-0.1","A"
"Bill Krueger","1007175","0.8","0.8","C"
"Mike Munoz","1009328","0.6","0.6","G"
"Phil Regan","1010785","0.4","0.4","B"
"Doug Creek","   1202","0.1","0.1","A"
"Tanyon Sturtze","   1230","1.4","1.4","F"
"Jared Burton","   8346","0.9","0.9","C"
"John Candelaria","1001909","1.8","1.8","H"
"Eric Gunderson","1005144","0.4","0.4","B"
"John Wyatt","1014303","1","1","C"
"Keith Osik","   1001","-0.1","-0.1","A"
"Matt Lindstrom","   4604","0.8","0.8","C"
"Ken Forsch","1004234","2.4","2.4","H"
"Bill Risley","1010986","-0.3","-0.3","D"
"Ted Lilly","    833","3.8","3.8","J"
"John Grabow","   1848","-0.4","-0.4","E"
"Francisley Bueno","   5980","0.4","0.4","B"
"Andy Hassler","1005480","0.4","0.4","B"
"Ray Herbert","1005684","2.4","2.4","H"
"Dan Schatzeder","1011527","-0.4","-0.4","E"
"Pete Schourek","1011608","0.8","0.8","C"
"Livan Hernandez","   1116","2","2","H"
"Don Nottebart","1009651","0.9","0.9","C"
"Kevin Millwood","    106","4.3","4.3","L"
"Randy Choate","    813","0","0","A"
"Wandy Rodriguez","   2586","3.5","3.5","J"
"Joe Boever","1001118","0.4","0.4","B"
"Frank DiPino","1003320","0.8","0.8","C"
"Kevin Gross","1005088","3.4","3.4","J"
"Barry Latman","1007377","-1.1","-1.1","K"
"Joe Magrane","1007973","-0.2","-0.2","D"
"Fritz Peterson","1010227","1.3","1.3","F"
"Bryn Smith","1012104","2.5","2.5","I"
"Rolando Arrojo","    174","2.2","2.2","H"
"Brian Sikorski","   7603","0.1","0.1","A"
"Billy Brewer","1001404","0.1","0.1","A"
"Dave Leonhard","1007540","-0.6","-0.6","E"
"Gabe White","    360","0.4","0.4","B"
"Dave Mlicki","    569","2.7","2.7","I"
"David Cone","   1680","3.8","3.8","J"
"Fred Beene","1000774","0.2","0.2","B"
"Nelson Briles","1001432","0.4","0.4","B"
"Mark Gubicza","1005115","2.7","2.7","I"
"Bob Humphreys","1006184","-1","-1","K"
"Luis Tiant","1013054","3.6","3.6","J"
"Brad Lidge","    563","2.2","2.2","H"
"Geoff Geary","   1813","0.6","0.6","G"
"Chris Jakubauskas","   7831","0","0","A"
"Bud Black","1001007","0.6","0.6","G"
"Jerry Dipoto","1003321","0.7","0.7","G"
"Steve Farr","1003953","1.5","1.5","F"
"Mike Garcia","1004507","0.1","0.1","A"
"Ron Perranoski","1010201","0.3","0.3","B"
"J.C. Romero","    754","0","0","A"
"Jorge Sosa","   1228","-0.3","-0.3","D"
"Paul Wilson","   1234","2","2","H"
"Tom Edens","1003671","1.4","1.4","F"
"Blue Moon Odom","1009726","-0.1","-0.1","A"
"Marty Pattin","1010074","1","1","C"
"Walt Terrell","1012924","1.7","1.7","F"
"Bartolo Colon","    375","1.4","1.4","F"
"Joe Blanton","   4849","2.5","2.5","I"
"Ryota Igarashi","  10232","-0.3","-0.3","D"
"Ray Sadecki","1011360","0.4","0.4","B"
"Lee Smith","1012175","1.5","1.5","F"
"Brooks Kieschnick","    389","0.3","0.3","B"
"Eric Gagne","    650","0.9","0.9","C"
"Glendon Rusch","    707","-0.9","-0.9","K"
"Kyle Lohse","    739","0.5","0.5","G"
"Carlos Reyes","   1721","-0.6","-0.6","E"
"Joe Beckwith","1000758","-0.4","-0.4","E"
"Pedro Borbon","   1289","0","0","A"
"Bert Blyleven","1001098","0.3","0.3","B"
"Orel Hershiser","1005741","0.7","0.7","G"
"Mike Perez","1010184","0.1","0.1","A"
"Amauri Sanit","   5436","0","0","A"
"Tim Burke","1001692","0.6","0.6","G"
"John Frascatore","1004304","-0.2","-0.2","D"
"Rich Gossage","1004894","3.5","3.5","J"
"Joe Klink","1007012","0.2","0.2","B"
"Luis Salazar","1011378","0","0","A"
"Dave Smith","1012117","0.2","0.2","B"
"Will Ohman","    296","-0.5","-0.5","E"
"Javier Vazquez","    801","4.9","4.9","M"
"Bobby Seay","   1225","0.8","0.8","C"
"C.J. Wilson","   3580","2.6","2.6","I"
"Willie Fraser","1004306","-0.7","-0.7","E"
"Bill Lee","1007448","0.7","0.7","G"
"Bruce Ruffin","1011294","0.5","0.5","G"
"Don Wengert","1013777","0","0","A"
"Tom Glavine","     90","3.6","3.6","J"
"Mark Redman","    491","2.1","2.1","H"
"Dennis Martinez","1008161","1","1","C"
"Ralph Terry","1012929","0.2","0.2","B"
"Scott Schoeneweis","     33","0.9","0.9","C"
"Joe Dawley","   1632","-0.1","-0.1","A"
"Mike Birkbeck","1000981","-0.2","-0.2","D"
"Dave Dravecky","1003486","3","3","I"
"Tony Fossas","1004242","0.6","0.6","G"
"Marvin Freeman","1004326","2.1","2.1","H"
"Larry Gura","1005150","1.3","1.3","F"
"Antonio Alfonseca","    260","0.3","0.3","B"
"Jim Mecir","    930","1.2","1.2","C"
"Kevin Correia","   1767","0.9","0.9","C"
"David Cortes","   1798","0.1","0.1","A"
"Marty McLeary","   2022","0.3","0.3","B"
"Hideki Okajima","   7763","1.1","1.1","C"
"Jim Brewer","1001406","0.8","0.8","C"
"Erik Hanson","1005333","3","3","I"
"Greg Harris","1005416","0.2","0.2","B"
"Larry Sherry","1011883","0.1","0.1","A"
"Randy St. Claire","1012443","-0.1","-0.1","A"
"Scott Terry","1012930","1.2","1.2","C"
"Jared Fernandez","    324","0.5","0.5","G"
"Eddie Guardado","    727","1.2","1.2","C"
"Bill Fischer","1004066","2","2","H"
"Craig Skok","1012041","0","0","A"
"Pablo Torrealba","1013135","-0.1","-0.1","A"
"Jim Umbricht","1013277","1.2","1.2","C"
"Cecil Upshaw","1013292","0.5","0.5","G"
"Jason Grilli","    521","1","1","C"
"T.J. Mathews","    567","0.3","0.3","B"
"Mike Fyhrie","   1447","0.1","0.1","A"
"Bob Gebhard","1004587","-0.1","-0.1","A"
"Randy Myers","1009427","0.5","0.5","G"
"John Lackey","   1507","3.4","3.4","J"
"Matt Thornton","   1918","1.8","1.8","H"
"Matt Whiteside","   1956","0","0","A"
"Paul Foytack","1004287","0","0","A"
"Jimmy Key","1006885","2.7","2.7","I"
"Paul Kilgus","1006899","0.5","0.5","G"
"Don Mossi","1009250","2.8","2.8","I"
"Dale Murray","1009383","0.3","0.3","B"
"Jason Marquis","    105","-0.5","-0.5","E"
"Tom Browning","1001566","1.5","1.5","F"
"Al Holland","1005947","-1","-1","K"
"Odell Jones","1006579","-0.4","-0.4","E"
"Bob Priddy","1010532","-0.9","-0.9","K"
"Frank Viola","1013435","2.5","2.5","I"
"Greg Swindell","     76","-0.7","-0.7","E"
"Greg Maddux","    104","8","8","O"
"Rafael Soriano","   1100","0.2","0.2","B"
"Don Aase","1000003","1.9","1.9","H"
"Jim Bunning","1001653","2.7","2.7","I"
"Greg Cadaret","1001810","-0.2","-0.2","D"
"Mark Gardner","1004529","-0.1","-0.1","A"
"Brian Snyder","1012241","-0.3","-0.3","D"
"Dave Bush","   4635","0","0","A"
"Ken Mackenzie","1007919","-0.3","-0.3","D"
"Sonny Siebert","1011951","2.7","2.7","I"
"Jarrod Washburn","     40","1.9","1.9","H"
"Tim Redding","    573","0.4","0.4","B"
"LaTroy Hawkins","    729","1.4","1.4","F"
"Joe Roa","    969","0.1","0.1","A"
"Bryan Harvey","1005469","0.1","0.1","A"
"Mike Hampton","    430","1.9","1.9","H"
"Randy Flores","   1446","1.1","1.1","C"
"Bob Buhl","1001637","0.6","0.6","G"
"George Frazier","1004308","0.2","0.2","B"
"Tim Leary","1007438","3","3","I"
"Pat Perry","1010215","-0.1","-0.1","A"
"Bob Veale","1013391","2","2","H"
"Scott Elarton","    426","-1","-1","K"
"Armando Benitez","    865","1.6","1.6","F"
"Steve Trachsel","    898","2.1","2.1","H"
"Don McMahon","1008629","0.2","0.2","B"
"Bert Roberge","1011022","0.2","0.2","B"
"Pat Zachry","1014407","0.3","0.3","B"
"Dom Zanni","1014417","0.2","0.2","B"
"Wayne Granger","1004945","-0.6","-0.6","E"
"Joe Hesketh","1005747","0.2","0.2","B"
"Bob Milacki","1008855","0","0","A"
"Matt Young","1014385","3.7","3.7","J"
"Barry Zito","    944","2","2","H"
"Mike Timlin","   1187","0.6","0.6","G"
"Jack Taschner","   2766","-0.2","-0.2","D"
"Jim Beattie","1000731","0.2","0.2","B"
"Pedro Borbon","1001195","0.2","0.2","B"
"Jeff Brantley","1001358","0.2","0.2","B"
"Jackie Brown","1001522","3.6","3.6","J"
"Mark Eichhorn","1003712","1.6","1.6","F"
"Jack McDowell","1008473","0.5","0.5","G"
"Bill Monbouquette","1009048","0.1","0.1","A"
"Kevin Ritz","1010998","1.7","1.7","F"
"Ken Sanders","1011417","0.1","0.1","A"
"Dave Stieb","1012532","2.7","2.7","I"
"Chris Brock","    130","-0.1","-0.1","A"
"Todd Wellemeyer","   1709","-0.8","-0.8","K"
"Heath Bell","   2080","2.2","2.2","H"
"Rick Aguilera","1000086","1","1","C"
"Rick Lysander","1007890","0.3","0.3","B"
"Dick Ruthven","1011330","2.2","2.2","H"
"Rodrigo Lopez","    150","0.9","0.9","C"
"Scott Downs","    773","1.1","1.1","C"
"Trevor Hoffman","   1035","2.2","2.2","H"
"Jim Acker","1000030","0.3","0.3","B"
"Gene Garber","1004493","1.1","1.1","C"
"Bruce Hurst","1006222","5.2","5.2","M"
"Mark Leiter","1007501","0.7","0.7","G"
"Tippy Martinez","1008200","0.6","0.6","G"
"Jason Christiansen","   1111","0.1","0.1","A"
"Javier Lopez","   1663","-0.2","-0.2","D"
"Larry Jackson","1006304","4.1","4.1","L"
"Dave Righetti","1010958","-0.4","-0.4","E"
"Bob Stanley","1012409","0.8","0.8","C"
"Wes Stock","1012553","-1.4","-1.4","K"
"Chad Durbin","   1442","-0.4","-0.4","E"
"Jose Veras","   2063","0.3","0.3","B"
"Tom Bolton","1001155","1.4","1.4","F"
"Odalis Perez","    668","1.4","1.4","F"
"Brian Sanches","   2739","0.2","0.2","B"
"Dennis Leonard","1007531","0.3","0.3","B"
"Bob MacDonald","1007900","-0.1","-0.1","A"
"Donn Pall","1009968","0.8","0.8","C"
"Tom Sturdivant","1012654","2.6","2.6","I"
"Colby Lewis","   1259","2.1","2.1","H"
"Mark DiFelice","   2468","0.1","0.1","A"
"Ray Burris","1001729","-0.5","-0.5","E"
"Guy Hoffman","1005906","-0.5","-0.5","E"
"Mike Moore","1009122","3.4","3.4","J"
"Tom Morgan","1009184","1.1","1.1","C"
"Mark Thurmond","1013052","-0.4","-0.4","E"
"Bob Walk","1013507","3.2","3.2","I"
"Brett Tomko","   1056","2.7","2.7","I"
"Jack Billingham","1000970","3","3","I"
"Bill Campbell","1001874","0.2","0.2","B"
"Dan Osinski","1009875","0.2","0.2","B"
"Gary Peters","1010228","2.6","2.6","I"
"Kevin Wickander","1013915","0.1","0.1","A"
"Carl Willey","1013965","0.3","0.3","B"
"Jamie Easterly","1003639","1.1","1.1","C"
"Ramon Martinez","1008193","0.3","0.3","B"
"Dennis Rasmussen","1010703","0.3","0.3","B"
"Bob Welch","1013750","3","3","I"
"Bob Wickman","    413","1.8","1.8","H"
"Jim Abbott","1000012","-0.2","-0.2","D"
"Frank Baumann","1000683","0","0","A"
"Mark Clark","1002296","-0.1","-0.1","A"
"Josh Beckett","    510","3.8","3.8","J"
"Arthur Rhodes","   1097","2.5","2.5","I"
"Steve Kline","   1164","0.6","0.6","G"
"Ismael Valdez","   1283","0","0","A"
"Jason Bulger","   3915","-0.1","-0.1","A"
"Rick Camp","1001901","1.2","1.2","C"
"Mark Langston","1007323","5.4","5.4","M"
"Tim Stoddard","1012556","0","0","A"
"Kiko Calero","   1676","1.5","1.5","F"
"Tom House","1006064","0.6","0.6","G"
"Gene Nelson","1009501","-0.1","-0.1","A"
"Scott Aldred","1000115","0.7","0.7","G"
"Fred Gladding","1004751","0.9","0.9","C"
"Rich Hinton","1005854","0.8","0.8","C"
"Mark Hendrickson","   1574","1.6","1.6","F"
"Scott Atchison","   2642","0","0","A"
"Dave Johnson","1006442","-0.7","-0.7","E"
"Darold Knowles","1007058","-0.2","-0.2","D"
"Gregg Olson","1009791","1.1","1.1","C"
"Joe Price","1010530","0.2","0.2","B"
"Chris Short","1011931","-0.1","-0.1","A"
"Bobby Tiefenauer","1013057","0","0","A"
"Bobby Witt","1014170","3.6","3.6","J"
"Michael Gonzalez","   1794","0.8","0.8","C"
"Stan Belinda","1000792","0.3","0.3","B"
"Gene Conley","1002507","3.9","3.9","J"
"Andy Hawkins","1005514","0.3","0.3","B"
"Chad Zerbe","   1140","0.2","0.2","B"
"Jim Corsi","1002644","0","0","A"
"Dave McNally","1008655","2.9","2.9","I"
"Bob Owchinko","1009914","0.2","0.2","B"
"Jon Perlman","1010197","0.1","0.1","A"
"Jim Todd","1013097","-1.7","-1.7","K"
"Brad Penny","    535","1.8","1.8","H"
"Sterling Hitchcock","    824","0.4","0.4","B"
"David Weathers","    902","1.1","1.1","C"
"Darryl Kile","   1163","4.3","4.3","L"
"Arnold Earley","1003626","1.1","1.1","C"
"Ken Holtzman","1005989","0.2","0.2","B"
"Rob Murphy","1009374","0.3","0.3","B"
"Rick Sutcliffe","1012734","3.4","3.4","J"
"Todd Stottlemyre","     75","2.3","2.3","H"
"Mike Mussina","    837","6.4","6.4","N"
"Alan Embree","   1030","-0.3","-0.3","D"
"Rodney Myers","   1511","0.1","0.1","A"
"Rod Beck","   1730","0.9","0.9","C"
"Steve Mingori","1008978","0.4","0.4","B"
"Ron Schueler","1011622","-0.3","-0.3","D"
"Elmer Dessens","    317","1.6","1.6","F"
"Shawn Estes","    873","0.7","0.7","G"
"Warren Brusstar","1001599","0.8","0.8","C"
"Joe Gibbon","1004658","1.5","1.5","F"
"Curt Young","1014368","-0.7","-0.7","E"
"Charles Nagy","    397","1.3","1.3","F"
"John Thomson","    453","2","2","H"
"Garrett Stephenson","   1185","0.1","0.1","A"
"Tim Crabtree","1002715","-0.1","-0.1","A"
"Doug Henry","1005668","0.5","0.5","G"
"Roy Lee Jackson","1006311","0.3","0.3","B"
"Randy Jones","1006582","-0.9","-0.9","K"
"Tom Candiotti","1001911","4.4","4.4","L"
"Dick Ellsworth","1003754","0","0","A"
"Mike Remlinger","    111","2.2","2.2","H"
"Alan Benes","    265","0.3","0.3","B"
"Jesse Orosco","    667","-0.4","-0.4","E"
"Brendan Donnelly","   1441","2.6","2.6","I"
"Dock Ellis","1003747","1.2","1.2","C"
"Mike Flanagan","1004133","1.8","1.8","H"
"Jim Hannan","1005316","-1","-1","K"
"Rick Honeycutt","1005992","1.5","1.5","F"
"Julio Santana","    496","0.5","0.5","G"
"Britt Reames","    794","-0.1","-0.1","A"
"Tim Belcher","1000789","3","3","I"
"Steve Carlton","1001964","5.1","5.1","M"
"Jim Kaat","1006660","3.2","3.2","I"
"Matt Karchner","1006697","-0.2","-0.2","D"
"Eric Plunk","1010400","1.1","1.1","C"
"John Pregenzer","1010516","-0.2","-0.2","D"
"Bill Singer","1012007","0.6","0.6","G"
"Tom Tellmann","1012907","-0.2","-0.2","D"
"Ray Washburn","1013652","1.7","1.7","F"
"Al Levine","     20","-0.1","-0.1","A"
"Braden Looper","    526","1.1","1.1","C"
"Geremi Gonzalez","   1711","0","0","A"
"Joaquin Andujar","1000266","3.1","3.1","I"
"Cris Carpenter","1001978","0","0","A"
"Andy Messersmith","1008799","1.4","1.4","F"
"Cory Bailey","    588","-0.5","-0.5","E"
"Derek Bell","1000801","0","0","A"
"Dwight Gooden","1004852","2.1","2.1","H"
"Frank Lary","1007364","5.9","5.9","M"
"Chuck Stobbs","1012548","-0.3","-0.3","D"
"Dave Telgheder","1012906","-0.2","-0.2","D"
"Matt Clement","    271","0.2","0.2","B"
"Kyle Farnsworth","    278","-0.2","-0.2","D"
"Ricardo Rincon","    401","1","1","C"
"Doug Brocail","    551","1.7","1.7","F"
"Randy Wolf","    976","2.6","2.6","I"
"Bill Dawley","1003090","0","0","A"
"Dallas Green","1004989","-0.3","-0.3","D"
"Mark Davis","1003067","-0.9","-0.9","K"
"Jerry Don Gleaton","1004772","0.1","0.1","A"
"Joe Grahe","1004939","0.4","0.4","B"
"Joe Horlen","1006025","3.5","3.5","J"
"Ravelo Manzanillo","1008092","0","0","A"
"Al Worthington","1014260","-0.1","-0.1","A"
"Adam Pettyjohn","    489","-0.2","-0.2","D"
"Paul Byrd","    594","3.1","3.1","I"
"Mike DeJean","    682","0.4","0.4","B"
"Travis Smith","   1522","-0.6","-0.6","E"
"Jim Crowell","   1928","-0.1","-0.1","A"
"Stan Bahnsen","1000414","1.1","1.1","C"
"Aubrey Gatewood","1004573","-0.1","-0.1","A"
"Denny Lemaster","1007512","0.7","0.7","G"
"Steve Trout","1013197","0","0","A"
"Danys Baez","    367","0.1","0.1","A"
"Casey Cox","1002694","-0.1","-0.1","A"
"Danny Patterson","    485","0","0","A"
"Mike Williams","   1014","0.4","0.4","B"
"Doug Bird","1000976","1.5","1.5","F"
"Randy Veres","1013412","0.5","0.5","G"
"Bruce Walton","1013591","-0.1","-0.1","A"
"Keith Foulke","    231","1.6","1.6","F"
"Mariano Rivera","    844","3.2","3.2","I"
"Jonathan Papelbon","   5975","1.4","1.4","F"
"Mike Armstrong","1000314","-0.1","-0.1","A"
"Mudcat Grant","1004952","1.1","1.1","C"
"Rick Langford","1007319","-0.4","-0.4","E"
"Vern Law","1007410","0","0","A"
"Fred Norman","1009632","3.2","3.2","I"
"Bill Swift","1012788","4.5","4.5","L"
"Mark Buehrle","    225","4","4","J"
"Scott Sullivan","    357","-0.2","-0.2","D"
"Justin Miller","   1313","-0.4","-0.4","E"
"Johnny Antonelli","1000277","-0.1","-0.1","A"
"Jim Bibby","1000945","2.5","2.5","I"
"Lew Krausse","1007146","0.4","0.4","B"
"Mike Maddux","1007951","1.1","1.1","C"
"Doug Linton","   1662","2.2","2.2","H"
"Juan Berenguer","1000865","0.8","0.8","C"
"Mike Christopher","1002220","0.4","0.4","B"
"Dick Hall","1005241","2.2","2.2","H"
"Johan Santana","    755","3.7","3.7","J"
"Trever Miller","   1672","0.9","0.9","C"
"Jim Deshaies","1003228","0.1","0.1","A"
"Ed Lynch","1007862","0.1","0.1","A"
"Jerry Spradlin","1012353","0.8","0.8","C"
"Kerry Ligtenberg","    100","0.3","0.3","B"
"Adam Eaton","   1029","-0.2","-0.2","D"
"Steve Blass","1001058","-2.2","-2.2","K"
"Tom Buskey","1001759","0.1","0.1","A"
"Jerry Johnson","1006464","-0.3","-0.3","D"
"Tom Gordon","    282","0.2","0.2","B"
"R.A. Dickey","   1245","-0.5","-0.5","E"
"Joel Peralta","   2332","0.8","0.8","C"
"Steve McCatty","1008383","-0.2","-0.2","D"
"Donne Wall","     39","0","0","A"
"Rudy Seanez","   1279","0.1","0.1","A"
"Kazuo Fukumori","   3288","-0.2","-0.2","D"
"Bill Haywood","1005536","-0.2","-0.2","D"
"Fergie Jenkins","1006388","7.8","7.8","O"
"Steve Lyons","1007886","0","0","A"
"Don Sutton","1012745","3.3","3.3","J"
"Juan Rincon","    752","0","0","A"
"Cory Lidle","    926","2.3","2.3","H"
"Jose Mesa","    961","1","1","C"
"Manny Aybar","   1107","-0.1","-0.1","A"
"Jeff Fulchino","   3532","-0.3","-0.3","D"
"Bobby Bolin","1001146","0","0","A"
"Galen Cisco","1002246","-0.4","-0.4","E"
"Steve Hamilton","1005277","0","0","A"
"Atlee Hammaker","1005281","0.4","0.4","B"
"Don Robinson","1011061","2.7","2.7","I"
"CC Sabathia","    404","4","4","J"
"Eddie Watt","1013684","-0.1","-0.1","A"
"Fernando Rodney","    494","0.3","0.3","B"
"Hipolito Pichardo","   1472","0","0","A"
"Jose Valverde","   1726","0.8","0.8","C"
"Randy Kramer","1007138","0","0","A"
"Gary Lucas","1007805","1.5","1.5","F"
"Randy Niemann","1009589","-0.1","-0.1","A"
"Rich Hill","   4806","0.2","0.2","B"
"Ron Darling","1002989","2.5","2.5","I"
"Jeff Montgomery","1009071","2.6","2.6","I"
"Dan Wheeler","    120","0.1","0.1","A"
"Chris Haney","    192","0","0","A"
"Terry Mulholland","    665","0.5","0.5","G"
"Brian Lawrence","   1045","0.2","0.2","B"
"Dan Haren","   1757","1.8","1.8","H"
"Larry Andersen","1000236","0.8","0.8","C"
"Tony Cloninger","1002359","-0.4","-0.4","E"
"Turk Farrell","1003950","3.3","3.3","J"
"Tommy John","1006515","3.7","3.7","J"
"Milt Pappas","1009989","3.3","3.3","J"
"David West","1013799","0.8","0.8","C"
"Brad Radke","    748","5","5","M"
"Esteban Loaiza","   1310","6.9","6.9","N"
"Luis Ayala","   1650","-0.1","-0.1","A"
"Cal Eldred","   1653","-0.4","-0.4","E"
"John Wasdin","   1768","-0.6","-0.6","E"
"Jim Bullinger","1001646","0.3","0.3","B"
"Dave Giusti","1004748","0.4","0.4","B"
"Greg Harris","1005415","1.7","1.7","F"
"Greg McMichael","1008640","-0.4","-0.4","E"
"Jerry Reuss","1010853","4.6","4.6","L"
"Matt Mantei","     64","-0.2","-0.2","D"
"Randy Keisler","    830","0","0","A"
"Pedro Astacio","    862","3.2","3.2","I"
"Jeff Nelson","   1092","0.4","0.4","B"
"Bobby Cramer","   2744","0.1","0.1","A"
"Mike Bielecki","1000951","1","1","C"
"Shawn Boskie","1001213","-0.2","-0.2","D"
"Casey Fossum","    188","0","0","A"
"Tony Fiore","    726","-0.3","-0.3","D"
"Brian Boehringer","    984","0.3","0.3","B"
"Eric Stults","   8011","-0.2","-0.2","D"
"George Brunet","1001590","0.9","0.9","C"
"Eric Rasmussen","1010704","0.3","0.3","B"
"Roy Thomas","1012993","-0.8","-0.8","K"
"Eric Milton","    743","0.5","0.5","G"
"Russ Ortiz","   1124","-0.3","-0.3","D"
"Hideki Irabu","   1255","0.8","0.8","C"
"Jon Rauch","   1475","1.3","1.3","F"
"Joe Saunders","   4366","2","2","H"
"Bob McClure","1008400","0.9","0.9","C"
"Billy O'Dell","1009724","2.6","2.6","I"
"Don Stanhouse","1012401","-0.3","-0.3","D"
"Ted Wills","1014054","-0.4","-0.4","E"
"Cliff Politte","    967","1.1","1.1","C"
"Yorkis Perez","   1513","0.1","0.1","A"
"Mark Petkovsek","1010242","-0.5","-0.5","E"
"Rick Rhoden","1010887","4.3","4.3","L"
"Kevin Seitzer","1011730","0","0","A"
"Scott Sheldon","1011856","0","0","A"
"Andy Ashby","    637","2.7","2.7","I"
"Bob Wells","    760","-0.6","-0.6","E"
"Chris Sampson","   2651","0.7","0.7","G"
"Dale Thayer","   5032","0.6","0.6","G"
"Rene Arocha","1000325","-0.2","-0.2","D"
"Ramon Hernandez","1005710","0.6","0.6","G"
"Jim Owens","1009923","0.5","0.5","G"
"John Burkett","    179","4.6","4.6","L"
"Shawn Camp","   1855","-0.4","-0.4","E"
"Tom Burgmeier","1001668","0.6","0.6","G"
"Ed Figueroa","1004037","-0.1","-0.1","A"
"Mike Krukow","1007185","2","2","H"
"Juan Marichal","1008106","7.8","7.8","O"
"John Montefusco","1009065","0.1","0.1","A"
"Jeremy Guthrie","   2072","2.4","2.4","H"
"Victor Marte","   5158","-0.2","-0.2","D"
"Paul Assenmacher","1000344","0.7","0.7","G"
"Dean Hartgraves","1005445","-0.1","-0.1","A"
"Bill Landrum","1007297","1.2","1.2","C"
"Scott McGregor","1008546","0.6","0.6","G"
"Jamey Wright","    715","0.8","0.8","C"
"Mike Trombley","    758","-0.1","-0.1","A"
"Jesus Colome","   1198","0.1","0.1","A"
"Dwayne Henry","1005670","-0.3","-0.3","D"
"Heathcliff Slocumb","1012069","0.2","0.2","B"
"Dave Tomlin","1013110","-0.2","-0.2","D"
"Al Reyes","   1005","0","0","A"
"Alfredo Simon","   2155","0.5","0.5","G"
"Clay Hensley","   4593","0","0","A"
"Jack Aker","1000097","0.3","0.3","B"
"Jay Baller","1000492","-0.7","-0.7","E"
"Chuck McElroy","1008477","-0.2","-0.2","D"
"Jeff Robinson","1011072","0","0","A"
"Rick Bauer","    125","0","0","A"
"Kazuhisa Ishii","    655","-0.1","-0.1","A"
"Chuck Crim","1002768","0","0","A"
"Jeff Shaw","1011823","1.2","1.2","C"
"Bob Turley","1013225","-0.3","-0.3","D"
"Dave Wainhouse","1013492","-0.2","-0.2","D"
"Jimmy Haynes","    329","-0.1","-0.1","A"
"Roger Clemens","    815","4.2","4.2","L"
"Ricky Bottalico","    948","-0.2","-0.2","D"
"Mike Benjamin","    981","0","0","A"
"James Baldwin","   1064","-0.5","-0.5","E"
"Jim Barr","1000606","1.6","1.6","F"
"Chuck Cary","1002027","0.2","0.2","B"
"Eddie Fisher","1004085","0.2","0.2","B"
"Steve Hargan","1005356","2.6","2.6","I"
"Eric Show","1011937","1.3","1.3","F"
"Chuck Taylor","1012864","0","0","A"
"Frank Williams","1013997","-0.6","-0.6","E"
"Carl Pavano","    790","0.2","0.2","B"
"Pete Walker","   1325","-0.1","-0.1","A"
"Ron Herbel","1005685","0.3","0.3","B"
"Richie Lewis","1007587","-1.2","-1.2","K"
"Greg Minton","1008986","-0.4","-0.4","E"
"Edwin Nunez","1009658","0","0","A"
"Dick Scott","1011675","-0.2","-0.2","D"
"Tim Wallach","1013554","0","0","A"
"Bill Wegman","1013727","1.8","1.8","H"
"Nerio Rodriguez","    403","0","0","A"
"Tim Laker","   1681","0","0","A"
"Scott Service","   1684","1.4","1.4","F"
"Chuck Dobson","1003343","-0.4","-0.4","E"
"Paul Lindblad","1007614","-0.3","-0.3","D"
"Tom Murphy","1009376","-0.2","-0.2","D"
"Travis Driskill","    134","0.2","0.2","B"
"Joey Hamilton","    328","1.5","1.5","F"
"Curtis Leskanic","    694","1","1","C"
"Aaron Fultz","   1113","0.6","0.6","G"
"Hector Carrasco","   1240","0.6","0.6","G"
"Russ Springer","   1652","-0.2","-0.2","D"
"Jack Lazorko","1007420","0","0","A"
"Brandon Duckworth","    954","0","0","A"
"Steve Frey","1004344","0.1","0.1","A"
"Dave Hamilton","1005271","0.9","0.9","C"
"Mike Hartley","1005451","0.6","0.6","G"
"Scott Kamieniecki","1006681","0.7","0.7","G"
"Jim Perry","1010213","1.8","1.8","H"
"Pete Richert","1010922","0.1","0.1","A"
"Mario Soto","1012289","0.5","0.5","G"
"Carlos Zambrano","    305","0.6","0.6","G"
"Craig Dingman","    318","0","0","A"
"Brian Fuentes","    429","0.9","0.9","C"
"Dick Kelley","1006769","0","0","A"
"Al Nipper","1009602","-0.2","-0.2","D"
"Gary Wayne","1013690","-0.2","-0.2","D"
"Roy Halladay","   1303","6.6","6.6","N"
"Aaron Harang","   1451","2.2","2.2","H"
"Doug Corbett","1002608","1.4","1.4","F"
"Ken Rowe","1011256","0.2","0.2","B"
"Tom Timmermann","1013071","0.4","0.4","B"
"Dennis Cook","      8","0.2","0.2","B"
"Scott Erickson","    137","2","2","H"
"Tim Wakefield","    219","1.6","1.6","F"
"Jeff Tam","    940","0.2","0.2","B"
"Matt Guerrier","   2061","0.1","0.1","A"
"Tom Brennan","1001392","-0.1","-0.1","A"
"Keith Comstock","1002491","0.5","0.5","G"
"Jeff Reardon","1010741","0.7","0.7","G"
"De Wayne Buice","1001639","-0.2","-0.2","D"
"Bob Knepper","1007031","2.8","2.8","I"
"Vinegar Bend Mizell","1009015","-1.3","-1.3","K"
"Frank Wills","1014051","0.2","0.2","B"
"Chris Hammond","     92","0.9","0.9","C"
"Brett Myers","    962","0.1","0.1","A"
"Scott Richmond","   4307","0","0","A"
"Jeff Francis","   4684","1.7","1.7","F"
"Gary Bell","1000806","3.6","3.6","J"
"Skip Lockwood","1007696","0.4","0.4","B"
"Enrique Romo","1011175","1.5","1.5","F"
"Todd Ritchie","    253","0.1","0.1","A"
"Paul Shuey","    406","1","1","C"
"Brian Moehler","    480","-0.2","-0.2","D"
"Jose Guzman","1005160","0.1","0.1","A"
"Ken Hill","1005827","1.9","1.9","H"
"Charlie Puleo","1010565","-0.1","-0.1","A"
"Kevin Brown","    642","6.7","6.7","N"
"Robert Ellis","    649","-0.1","-0.1","A"
"Steve Reed","   1053","0.3","0.3","B"
"Salomon Torres","   1628","0.3","0.3","B"
"Kirk McCaskill","1008382","2.7","2.7","I"
"Juan Pizarro","1010382","0","0","A"
"Bill Pulsipher","    842","0","0","A"
"Dan Plesac","   1319","-0.2","-0.2","D"
"Ken Dayley","1003097","0.5","0.5","G"
"Ariel Prieto","1010536","0","0","A"
"Mark Guthrie","    876","-1","-1","K"
"Vicente Padilla","    964","1.7","1.7","F"
"Shigetoshi Hasegawa","   1082","0.6","0.6","G"
"Kent Bottenfield","1001226","0.9","0.9","C"
"Larry Bradford","1001300","0.1","0.1","A"
"Rob Dibble","1003269","-1","-1","K"
"Pete Harnisch","1005374","3.2","3.2","I"
"Tom Henke","1005649","3.5","3.5","J"
"Dale Mohorcic","1009034","1","1","C"
"Claude Raymond","1010732","0","0","A"
"Steve Schrenk","1011614","0","0","A"
"Frank Tanana","1012818","3.6","3.6","J"
"Matt Morris","   1172","2.3","2.3","H"
"Aaron Cook","   1571","1.1","1.1","C"
"Frank Francisco","   1933","0.4","0.4","B"
"John Buzhardt","1001788","0.3","0.3","B"
"Willie Hernandez","1005714","0.8","0.8","C"
"Bryan Hickerson","1005767","-0.2","-0.2","D"
"Fred Scherman","1011554","-0.4","-0.4","E"
"Jeff Fassero","    279","2.9","2.9","I"
"Mike Fetters","    988","1.4","1.4","F"
"Doug Slaten","   3107","-0.4","-0.4","E"
"Bucky Brandon","1001346","0.3","0.3","B"
"Bob Friend","1004355","4.8","4.8","L"
"Bill Pecota","1010117","0","0","A"
"Ryan Franklin","   1076","1.3","1.3","F"
"George Sherrill","   6291","0.3","0.3","B"
"Mike Fornieles","1004232","0.2","0.2","B"
"Blas Minor","1008982","-0.1","-0.1","A"
"Kelly Wunsch","    259","0","0","A"
"Joey Eischen","    774","-0.1","-0.1","A"
"Jake Peavy","   1051","4.4","4.4","L"
"Woody Williams","   1190","1.3","1.3","F"
"Floyd Bannister","1000516","2.5","2.5","I"
"Oil Can Boyd","1001279","1.8","1.8","H"
"Jose DeLeon","1003168","1.2","1.2","C"
"Rollie Fingers","1004051","2.3","2.3","H"
"Dave Goltz","1004818","2","2","H"
"Steve Rogers","1011138","3","3","I"
"Stan Williams","1014039","3.2","3.2","I"
"Jon Garland","    232","0.2","0.2","B"
"Rick White","    456","0.7","0.7","G"
"Grant Balfour","    718","0.7","0.7","G"
"Darwin Cubillan","    771","-0.2","-0.2","D"
"Jaime Navarro","1009465","-0.6","-0.6","E"
"John Wetteland","1013815","2","2","H"
"Pat Hentgen","    145","2.2","2.2","H"
"Peter Moylan","   4891","-0.5","-0.5","E"
"Doug Drabek","1003473","2.9","2.9","I"
"Dyar Miller","1008889","-0.8","-0.8","K"
"Eddie Oropesa","     69","0.2","0.2","B"
"Pat Mahomes","    291","0.1","0.1","A"
"Chuck Finley","    384","3.4","3.4","J"
"Brian Tallet","   1646","1.5","1.5","F"
"Tim Byrdak","   1995","0.3","0.3","B"
"Pat Neshek","   4682","0","0","A"
"Mark Clear","1002330","0.1","0.1","A"
"Bill Hands","1005303","3.7","3.7","J"
"Ken Johnson","1006477","2.9","2.9","I"
"Mickey Lolich","1007712","6.1","6.1","N"
"Armando Almanza","    507","-0.2","-0.2","D"
"Lance Carter","   1592","-0.1","-0.1","A"
"Chien-Ming Wang","   2074","0.1","0.1","A"
"John Curtis","1002905","0.8","0.8","C"
"Moe Drabowsky","1003474","1.4","1.4","F"
"Robert Person","    966","1.7","1.7","F"
"Kevin Gregg","   1793","-0.3","-0.3","D"
"Luis Aponte","1000280","0.1","0.1","A"
"Dave LaPoint","1007338","-0.1","-0.1","A"
"Randy Lerch","1007551","0","0","A"
"Jason Johnson","    147","2.6","2.6","I"
"John Hudek","1006128","-0.4","-0.4","E"
"Tim Hudson","    921","4.9","4.9","M"
"Larry Biittner","1000962","-0.1","-0.1","A"
"Terry Forster","1004236","1.3","1.3","F"
"Mark Portugal","1010460","1.2","1.2","C"
"Dave Roberts","1011031","3.2","3.2","I"
"Mike Scott","1011691","8.6","8.6","O"
"Cliff Lee","   1636","7.4","7.4","N"
"Kerry Wood","    304","2.1","2.1","H"
"Carlos Almanzar","    308","-0.2","-0.2","D"
"Roy Oswalt","    571","3.5","3.5","J"
"Jason Childers","   2379","0","0","A"
"Mark Dewey","1003257","-0.4","-0.4","E"
"Pete Smith","1012191","-0.1","-0.1","A"
"Masao Kida","   1800","-0.1","-0.1","A"
"Jorge De La Rosa","   2047","-0.3","-0.3","D"
"Mike Boddicker","1001111","2.9","2.9","I"
"Pat Dobson","1003345","1.8","1.8","H"
"Don Elston","1003759","-0.6","-0.6","E"
"Tug McGraw","1008545","1.3","1.3","F"
"Nolan Ryan","1011348","5","5","M"
"Rafael Betancourt","    177","0.8","0.8","C"
"Bob Howry","    237","1.4","1.4","F"
"Jose Contreras","   1660","1.7","1.7","F"
"Willie Blair","1001033","3","3","I"
"Larry Casian","1002045","-0.3","-0.3","D"
"Stew Cliburn","1002350","-0.6","-0.6","E"
"Tom Hume","1006179","-0.5","-0.5","E"
"Rick Helling","     58","1.5","1.5","F"
"Neil Allen","1000154","-0.1","-0.1","A"
"Mike Caldwell","1001830","1.1","1.1","C"
"Roger Craig","1002723","-0.6","-0.6","E"
"Lee Guetterman","1005122","1.2","1.2","C"
"Mark Huismann","1006171","0.5","0.5","G"
"Bruce Kison","1006978","-0.3","-0.3","D"
"Sam McDowell","1008476","-0.5","-0.5","E"
"Jack Sanford","1011432","2.8","2.8","I"
"Clyde Wright","1014272","1.4","1.4","F"
"Les Walrond","   1735","0.1","0.1","A"
"Doug Jones","1006552","3.7","3.7","J"
"Jim Merritt","1008789","0","0","A"
"Pete Mikkelsen","1008852","-0.3","-0.3","D"
"Bret Saberhagen","1011355","1.8","1.8","H"
"Ray Searage","1011703","-0.2","-0.2","D"
"Zane Smith","1012218","2.2","2.2","H"
"Mike LaCoss","1007240","1.4","1.4","F"
"Frank Linzy","1007643","-0.3","-0.3","D"
"Mike Barlow","1000553","-0.1","-0.1","A"
"John Farrell","1003948","0.1","0.1","A"
"Steve Luebber","1007819","-0.1","-0.1","A"
"Paul Mirabella","1008989","0.3","0.3","B"
"Ron Piche","1010308","-0.5","-0.5","E"
"Steve Renko","1010835","3.3","3.3","J"
"Scott Sanderson","1011422","0.1","0.1","A"
"Dave Tobik","1013086","0","0","A"
"Kelvim Escobar","   1298","4.8","4.8","L"
"Mike Adams","   1937","1.8","1.8","H"
"Osvaldo Fernandez","1004000","1.3","1.3","F"
"Dick Hyde","1006248","-0.2","-0.2","D"
"Mike Oquist","1009828","1.5","1.5","F"
"Dave Schuler","1011628","-0.2","-0.2","D"
"Frank Sullivan","1012691","1.7","1.7","F"
"Earl Wilson","1014073","4.2","4.2","L"
"Jack Morris","1009211","4","4","J"
"Dickie Noles","1009620","-0.2","-0.2","D"
"John O'Donoghue","1009732","-0.3","-0.3","D"
"Elias Sosa","1012284","0.1","0.1","A"
"Mickey Weston","1013811","-0.1","-0.1","A"
"Craig Breslow","   4363","0.6","0.6","G"
"Don Lee","1007453","-0.4","-0.4","E"
"Aurelio Lopez","1007753","1.5","1.5","F"
"Al McBean","1008337","-0.8","-0.8","K"
"Mike Smithson","1012181","1.9","1.9","H"
"Tomo Ohka","    788","-0.1","-0.1","A"
"Ricky Bones","1001161","0.9","0.9","C"
"Marshall Bridges","1001419","0.5","0.5","G"
"Wayne Gross","1005091","0","0","A"
"Jay Howell","1006098","0","0","A"
"Lynn McGlothen","1008534","0.7","0.7","G"
"Sid Monge","1009053","-0.2","-0.2","D"
"David Palmer","1009970","0.2","0.2","B"
"Bob Tewksbury","1012941","4","4","J"
"Anthony Telford","   1282","-0.2","-0.2","D"
"Jim Colborn","1002409","2.1","2.1","H"
"Ron Kline","1007004","1.1","1.1","C"
"Dan Quisenberry","1010622","1.5","1.5","F"
"Darren Oliver","    206","0.1","0.1","A"
"Darrell May","    613","2.8","2.8","I"
"Scott Eyre","   1300","0.2","0.2","B"
"Santiago Casilla","   2873","-0.5","-0.5","E"
"Ray Culp","1002869","-0.3","-0.3","D"
"Matt Wise","     42","0.6","0.6","G"
"Scott Williamson","    361","0.2","0.2","B"
"Jaret Wright","    415","0","0","A"
"Bronson Arroyo","    978","2.2","2.2","H"
"Shawn Hill","   1882","0","0","A"
"Dave Wehrmeister","1013731","0","0","A"
"Hal Woodeshick","1014215","0.3","0.3","B"
"Darren Holmes","     95","0.8","0.8","C"
"Pedro Martinez","    200","7.4","7.4","N"
"Esteban Yan","   1236","-0.5","-0.5","E"
"Rudy May","1008310","2.2","2.2","H"
"Horacio Ramirez","    110","0","0","A"
"Al Cicotte","1002235","-0.3","-0.3","D"
"Alan Mills","1008949","-0.2","-0.2","D"
"Jeff Tabaka","1012802","0.1","0.1","A"
"B.J. Ryan","    168","-0.1","-0.1","A"
"Ron Mahay","    290","-0.5","-0.5","E"
"Wayne Franklin","    557","0","0","A"
"Jay Witasick","   1138","0.1","0.1","A"
"Matt Palmer","   4457","0","0","A"
"Bruce Dal Canton","1002936","0","0","A"
"Mel Nelson","1009506","-0.1","-0.1","A"
"Eddie Solomon","1012268","-0.5","-0.5","E"
"John Halama","   1080","0.1","0.1","A"
"Saul Rivera","   2027","-0.5","-0.5","E"
"Chris Bosio","1001212","1.7","1.7","F"
"Dick Bosman","1001215","1.6","1.6","F"
"Duane Ward","1013609","-0.1","-0.1","A"
"Scott Sauerbeck","   1007","-0.5","-0.5","E"
"Steve Parris","   1316","1.5","1.5","F"
"Claudio Vargas","   1695","0.3","0.3","B"
"Bill Bonham","1001165","0.4","0.4","B"
"Don Larsen","1007359","1.1","1.1","C"
"Pat Rapp","1010700","1.6","1.6","F"
"Darren Dreifort","    647","1.4","1.4","F"
"Nate Robertson","   1620","0.5","0.5","G"
"Salome Barojas","1000584","-0.3","-0.3","D"
"Ernie Camacho","1001856","1","1","C"
"Moose Haas","1005172","0.1","0.1","A"
"Russ Kemmerer","1006824","0.2","0.2","B"
"Justin Speier","    451","0.4","0.4","B"
"Joe Beimel","    979","0.5","0.5","G"
"Dave Veres","   1188","1.5","1.5","F"
"Joe Coleman","1002428","-0.2","-0.2","D"
"John Denny","1003210","2.7","2.7","I"
"Phil Niekro","1009583","1.8","1.8","H"
"Scott Radinsky","1010641","0","0","A"
"Buddy Groom","    143","0.1","0.1","A"
"Felix Rodriguez","   1127","0.2","0.2","B"
"Jim Brosnan","1001479","0.7","0.7","G"
"Ted Power","1010504","1.1","1.1","C"
"Randy Johnson","     60","9.5","9.5","O"
"Robb Nen","   1123","2.4","2.4","H"
"Rich Rodriguez","   1276","0.1","0.1","A"
"Jeff Harris","   7189","0","0","A"
"Brian Bohanon","1001126","2.1","2.1","H"
"Sid Fernandez","1004001","0.3","0.3","B"
"Omar Olivares","1009771","2.7","2.7","I"
"Camilo Pascual","1010039","2.1","2.1","H"
"Mike Matthews","   1170","0","0","A"
"Len Barker","1000546","0.3","0.3","B"
"Steve Bedrosian","1000766","-1.1","-1.1","K"
"Don Ferrarese","1004005","-0.4","-0.4","E"
"Roric Harrison","1005430","0","0","A"
"Lee Stange","1012400","0.4","0.4","B"
"Aaron Sele","     34","2.7","2.7","I"
"Tom Martin","   1219","-0.3","-0.3","D"
"Todd Van Poppel","   1284","0.3","0.3","B"
"Tommy Phelps","   1665","0","0","A"
"Tony Castillo","1002069","0.4","0.4","B"
"Bob Locker","1007688","0.6","0.6","G"
"Chet Nichols","1009557","0.8","0.8","C"
"Kevin Tapani","1012824","2.2","2.2","H"
"Frank Castillo","    180","2","2","H"
"Dan Kolb","   1257","0.1","0.1","A"
"Chris Carpenter","   1292","5","5","M"
"Shane Reynolds","    574","6","6","N"
"Omar Daal","    646","1.3","1.3","F"
"Donnie Moore","1009102","2.4","2.4","H"
"Ron Reed","1010773","3.3","3.3","J"
"Jeff Russell","1011314","1.8","1.8","H"
"Albie Lopez","    102","-0.7","-0.7","E"
"Roberto Hernandez","    605","3.2","3.2","I"
"Kip Wells","   1012","-0.2","-0.2","D"
"Victor Zambrano","   1237","-0.7","-0.7","E"
"Milt Wilcox","1013939","2.8","2.8","I"
